
% initial parameters
x0=0.1;
v0=0;
fig_st=0.01;

%     k1        k2      mu1       mu2   
x_pareto=[13.7929   10.4417    0.1921    0.0962];
